{
  "vertices": [
    {
      "id": 0,
      "type": "Vehicle3D",
      "content": [
        18.7381,
        2.74428e-7,
        8.2287,
        0.0,
        0.0,
        0.0,
        1.0
      ]
    },
    {
      "id": 1,
      "type": "Vehicle3D",
      "content": [
        19.0477,
        2.34636,
        8.2319,
        -0.139007,
        0.0806488,
        0.14657,
        0.976059
      ]
    },
    {
      "id": 2,
      "type": "Landmark3D",
      "content": [
        18.2645,
        4.24943,
        15.2057
      ]
    }
  ],
  "edges": [
    {
      "type": "Odometry3D",
      "vertices": [
        0,
        1
      ],
      "restriction": [
        0.309576,
        2.34636,
        0.00315914,
        -0.139007,
        0.0806488,
        0.14657,
        0.976059
      ],
      "informationMatrix": [
        1.0,
        9.62965e-19,
        9.62965e-19,
        5.88441e-8,
        -2.03096e-8,
        3.40337e-9,
        9.62965e-19,
        1.0,
        9.62965e-19,
        5.88441e-8,
        -2.03096e-8,
        3.40337e-9,
        9.62965e-19,
        9.62965e-19,
        1.0,
        5.88441e-8,
        -2.03096e-8,
        3.40337e-9,
        5.88441e-8,
        5.88441e-8,
        5.88441e-8,
        4108.72,
        -34.2982,
        884.091,
        -2.03096e-8,
        -2.03096e-8,
        -2.03096e-8,
        -34.2982,
        3951.5,
        40.2084,
        3.40337e-9,
        3.40337e-9,
        3.40337e-9,
        884.091,
        40.2084,
        4100.08
      ]
    },
    {
      "type": "Position3D",
      "vertices": [
        1
      ],
      "restriction": [
        0.309576,
        2.34636,
        0.00315914,
        -0.139007,
        0.0806488,
        0.14657,
        0.976059
      ],
      "informationMatrix": [
        1.0,
        9.62965e-19,
        9.62965e-19,
        5.88441e-8,
        -2.03096e-8,
        3.40337e-9,
        9.62965e-19,
        1.0,
        9.62965e-19,
        5.88441e-8,
        -2.03096e-8,
        3.40337e-9,
        9.62965e-19,
        9.62965e-19,
        1.0,
        5.88441e-8,
        -2.03096e-8,
        3.40337e-9,
        5.88441e-8,
        5.88441e-8,
        5.88441e-8,
        4108.72,
        -34.2982,
        884.091,
        -2.03096e-8,
        -2.03096e-8,
        -2.03096e-8,
        -34.2982,
        3951.5,
        40.2084,
        3.40337e-9,
        3.40337e-9,
        3.40337e-9,
        884.091,
        40.2084,
        4100.08
      ]
    },
    {
      "type": "Observation3D",
      "vertices": [
        1,
        2
      ],
      "restriction": [
        -0.034127,
        2.24359,
        -0.503123
      ],
      "informationMatrix": [
        3934.45,
        -9.14727,
        63.005,
        -9.14727,
        3998.72,
        10.7561,
        63.005,
        10.7561,
        3909.38
      ]
    }
  ],
  "fixedVertices": [
    0
  ]
}