{
  "vertices": [
    {
      "id": 0,
      "type": "Vehicle3D",
      "content": [
        18.7381,
        2.74428e-7,
        8.2287,
        0.0,
        0.0,
        0.0,
        1.0
      ]
    },
    {
      "id": 1,
      "type": "Vehicle3D",
      "content": [
        19.0477,
        2.34636,
        98.2319,
        -0.139007,
        0.0806488,
        0.14657,
        0.976059
      ]
    },
    {
      "id": 2,
      "type": "Landmark3D",
      "content": [
        18.2645,
        4.24943,
        97.2057
      ]
    },
    {
      "id": 3,
      "type": "Landmark3D",
      "content": [
        16.9553,
        5.93643,
        96.0247
      ]
    },
    {
      "id": 4,
      "type": "Landmark3D",
      "content": [
        15.7039,
        7.47018,
        94.95
      ]
    },
    {
      "id": 5,
      "type": "Landmark3D",
      "content": [
        14.2759,
        8.79177,
        93.4729
      ]
    },
    {
      "id": 6,
      "type": "Landmark3D",
      "content": [
        12.6991,
        10.4151,
        92.7022
      ]
    },
    {
      "id": 7,
      "type": "Landmark3D",
      "content": [
        12.1447,
        12.8053,
        91.7945
      ]
    },
    {
      "id": 8,
      "type": "Landmark3D",
      "content": [
        11.8024,
        15.1529,
        91.5687
      ]
    },
    {
      "id": 9,
      "type": "Landmark3D",
      "content": [
        11.7867,
        17.5693,
        91.8963
      ]
    },
    {
      "id": 10,
      "type": "Landmark3D",
      "content": [
        12.0189,
        19.932,
        92.7783
      ]
    },
    {
      "id": 11,
      "type": "Landmark3D",
      "content": [
        11.0925,
        22.272,
        93.3787
      ]
    },
    {
      "id": 12,
      "type": "Landmark3D",
      "content": [
        10.7607,
        24.6552,
        94.8896
      ]
    },
    {
      "id": 13,
      "type": "Landmark3D",
      "content": [
        10.1342,
        26.6638,
        96.0291
      ]
    },
    {
      "id": 14,
      "type": "Landmark3D",
      "content": [
        10.6361,
        27.8577,
        98.6647
      ]
    },
    {
      "id": 15,
      "type": "Landmark3D",
      "content": [
        10.4438,
        28.8014,
        101.027
      ]
    },
    {
      "id": 16,
      "type": "Landmark3D",
      "content": [
        10.4263,
        30.0006,
        103.271
      ]
    },
    {
      "id": 17,
      "type": "Landmark3D",
      "content": [
        11.4717,
        31.2296,
        105.381
      ]
    },
    {
      "id": 18,
      "type": "Landmark3D",
      "content": [
        11.7559,
        32.3797,
        108.197
      ]
    },
    {
      "id": 19,
      "type": "Landmark3D",
      "content": [
        11.087,
        33.6087,
        110.383
      ]
    },
    {
      "id": 20,
      "type": "Landmark3D",
      "content": [
        10.6158,
        35.1103,
        113.082
      ]
    },
    {
      "id": 21,
      "type": "Landmark3D",
      "content": [
        10.3524,
        35.4769,
        116.103
      ]
    },
    {
      "id": 22,
      "type": "Landmark3D",
      "content": [
        10.3485,
        35.9931,
        119.015
      ]
    },
    {
      "id": 23,
      "type": "Landmark3D",
      "content": [
        9.68216,
        36.7118,
        121.701
      ]
    },
    {
      "id": 24,
      "type": "Landmark3D",
      "content": [
        9.11976,
        37.8483,
        124.272
      ]
    },
    {
      "id": 25,
      "type": "Landmark3D",
      "content": [
        9.22631,
        37.7179,
        127.084
      ]
    },
    {
      "id": 26,
      "type": "Landmark3D",
      "content": [
        8.72303,
        38.101,
        129.752
      ]
    },
    {
      "id": 27,
      "type": "Landmark3D",
      "content": [
        7.70635,
        38.6374,
        132.233
      ]
    },
    {
      "id": 28,
      "type": "Landmark3D",
      "content": [
        5.93736,
        38.2599,
        134.515
      ]
    },
    {
      "id": 29,
      "type": "Landmark3D",
      "content": [
        3.70252,
        37.5279,
        136.374
      ]
    },
    {
      "id": 30,
      "type": "Landmark3D",
      "content": [
        2.08577,
        36.6128,
        138.233
      ]
    },
    {
      "id": 31,
      "type": "Landmark3D",
      "content": [
        0.63851,
        35.4922,
        140.955
      ]
    },
    {
      "id": 32,
      "type": "Landmark3D",
      "content": [
        -1.46014,
        35.1985,
        142.846
      ]
    },
    {
      "id": 33,
      "type": "Landmark3D",
      "content": [
        -4.00908,
        35.0041,
        144.392
      ]
    },
    {
      "id": 34,
      "type": "Landmark3D",
      "content": [
        -6.69731,
        34.303,
        144.741
      ]
    },
    {
      "id": 35,
      "type": "Landmark3D",
      "content": [
        -9.22776,
        33.7473,
        144.559
      ]
    },
    {
      "id": 36,
      "type": "Landmark3D",
      "content": [
        -12.1911,
        33.4362,
        143.841
      ]
    },
    {
      "id": 37,
      "type": "Landmark3D",
      "content": [
        -14.8441,
        33.6249,
        142.271
      ]
    },
    {
      "id": 38,
      "type": "Landmark3D",
      "content": [
        -17.276,
        33.6987,
        140.036
      ]
    },
    {
      "id": 39,
      "type": "Landmark3D",
      "content": [
        -19.3684,
        34.4221,
        138.991
      ]
    },
    {
      "id": 40,
      "type": "Landmark3D",
      "content": [
        -21.6245,
        35.2909,
        137.509
      ]
    },
    {
      "id": 41,
      "type": "Landmark3D",
      "content": [
        -23.7379,
        36.1132,
        135.567
      ]
    },
    {
      "id": 42,
      "type": "Landmark3D",
      "content": [
        -26.1266,
        37.467,
        134.699
      ]
    },
    {
      "id": 43,
      "type": "Landmark3D",
      "content": [
        -27.8492,
        39.7701,
        134.136
      ]
    },
    {
      "id": 44,
      "type": "Landmark3D",
      "content": [
        -28.7622,
        41.7539,
        132.047
      ]
    },
    {
      "id": 45,
      "type": "Landmark3D",
      "content": [
        -28.8273,
        43.6624,
        129.733
      ]
    },
    {
      "id": 46,
      "type": "Landmark3D",
      "content": [
        -28.5946,
        45.2068,
        127.362
      ]
    },
    {
      "id": 47,
      "type": "Landmark3D",
      "content": [
        -27.7892,
        46.8389,
        125.093
      ]
    },
    {
      "id": 48,
      "type": "Landmark3D",
      "content": [
        -26.9947,
        48.6922,
        122.253
      ]
    },
    {
      "id": 49,
      "type": "Landmark3D",
      "content": [
        -26.0807,
        49.4068,
        119.017
      ]
    },
    {
      "id": 50,
      "type": "Landmark3D",
      "content": [
        -24.8419,
        49.9391,
        116.306
      ]
    },
    {
      "id": 51,
      "type": "Landmark3D",
      "content": [
        -22.8301,
        50.6185,
        113.778
      ]
    },
    {
      "id": 52,
      "type": "Landmark3D",
      "content": [
        -21.2206,
        52.0923,
        111.194
      ]
    },
    {
      "id": 53,
      "type": "Landmark3D",
      "content": [
        -19.4488,
        53.3456,
        108.856
      ]
    },
    {
      "id": 54,
      "type": "Landmark3D",
      "content": [
        -19.0087,
        54.0285,
        105.637
      ]
    },
    {
      "id": 55,
      "type": "Landmark3D",
      "content": [
        -18.5807,
        55.8779,
        103.393
      ]
    },
    {
      "id": 56,
      "type": "Landmark3D",
      "content": [
        -18.0951,
        57.835,
        101.033
      ]
    },
    {
      "id": 57,
      "type": "Landmark3D",
      "content": [
        -17.3312,
        59.3829,
        98.3378
      ]
    },
    {
      "id": 58,
      "type": "Landmark3D",
      "content": [
        -15.6435,
        59.7423,
        95.5582
      ]
    },
    {
      "id": 59,
      "type": "Landmark3D",
      "content": [
        -13.2997,
        60.3309,
        93.3135
      ]
    },
    {
      "id": 60,
      "type": "Landmark3D",
      "content": [
        -11.2997,
        59.1895,
        91.3429
      ]
    },
    {
      "id": 61,
      "type": "Landmark3D",
      "content": [
        -11.0408,
        57.2146,
        88.3854
      ]
    },
    {
      "id": 62,
      "type": "Landmark3D",
      "content": [
        -11.1895,
        54.8902,
        85.6811
      ]
    },
    {
      "id": 63,
      "type": "Landmark3D",
      "content": [
        -12.2078,
        53.2296,
        82.9384
      ]
    }
  ],
  "edges": [
    {
      "type": "Odometry3D",
      "vertices": [
        0,
        1
      ],
      "restriction": [
        0.309576,
        2.34636,
        0.00315914,
        -0.139007,
        0.0806488,
        0.14657,
        0.976059
      ],
      "informationMatrix": [
        1.0,
        9.62965e-19,
        9.62965e-19,
        5.88441e-8,
        -2.03096e-8,
        3.40337e-9,
        9.62965e-19,
        1.0,
        9.62965e-19,
        5.88441e-8,
        -2.03096e-8,
        3.40337e-9,
        9.62965e-19,
        9.62965e-19,
        1.0,
        5.88441e-8,
        -2.03096e-8,
        3.40337e-9,
        5.88441e-8,
        5.88441e-8,
        5.88441e-8,
        4108.72,
        -34.2982,
        884.091,
        -2.03096e-8,
        -2.03096e-8,
        -2.03096e-8,
        -34.2982,
        3951.5,
        40.2084,
        3.40337e-9,
        3.40337e-9,
        3.40337e-9,
        884.091,
        40.2084,
        4100.08
      ]
    },
    {
      "type": "Position3D",
      "vertices": [
        1
      ],
      "restriction": [
        0.309576,
        2.34636,
        0.00315914,
        -0.139007,
        0.0806488,
        0.14657,
        0.976059
      ],
      "informationMatrix": [
        1.0,
        9.62965e-19,
        9.62965e-19,
        5.88441e-8,
        -2.03096e-8,
        3.40337e-9,
        9.62965e-19,
        1.0,
        9.62965e-19,
        5.88441e-8,
        -2.03096e-8,
        3.40337e-9,
        9.62965e-19,
        9.62965e-19,
        1.0,
        5.88441e-8,
        -2.03096e-8,
        3.40337e-9,
        5.88441e-8,
        5.88441e-8,
        5.88441e-8,
        4108.72,
        -34.2982,
        884.091,
        -2.03096e-8,
        -2.03096e-8,
        -2.03096e-8,
        -34.2982,
        3951.5,
        40.2084,
        3.40337e-9,
        3.40337e-9,
        3.40337e-9,
        884.091,
        40.2084,
        4100.08
      ]
    },
    {
      "type": "Observation3D",
      "vertices": [
        1,
        2
      ],
      "restriction": [
        -0.034127,
        2.24359,
        -0.503123
      ],
      "informationMatrix": [
        3934.45,
        -9.14727,
        63.005,
        -9.14727,
        3998.72,
        10.7561,
        63.005,
        10.7561,
        3909.38
      ]
    },
    {
      "type": "Observation3D",
      "vertices": [
        1,
        3
      ],
      "restriction": [
        0.138899,
        2.43125,
        -0.157531
      ],
      "informationMatrix": [
        4065.84,
        0.47106,
        -517.426,
        0.47106,
        3983.74,
        -2.04693,
        -517.426,
        -2.04693,
        4065.59
      ]
    },
    {
      "type": "Observation3D",
      "vertices": [
        1,
        4
      ],
      "restriction": [
        0.0941858,
        2.24481,
        -0.15806
      ],
      "informationMatrix": [
        3979.28,
        10.1662,
        -221.62,
        10.1662,
        3997.33,
        -4.26681,
        -221.62,
        -4.26681,
        4010.04
      ]
    },
    {
      "type": "Observation3D",
      "vertices": [
        1,
        5
      ],
      "restriction": [
        -0.019968,
        2.43874,
        -0.141006
      ],
      "informationMatrix": [
        3916.62,
        -7.39114,
        -107.077,
        -7.39114,
        3999.45,
        1.19465,
        -107.077,
        1.19465,
        4002.45
      ]
    },
    {
      "type": "Observation3D",
      "vertices": [
        1,
        6
      ],
      "restriction": [
        -0.057963,
        2.38913,
        -0.0656954
      ],
      "informationMatrix": [
        4051.02,
        -13.3295,
        455.764,
        -13.3295,
        3989.43,
        -43.9256,
        455.764,
        -43.9256,
        3907.12
      ]
    },
    {
      "type": "Observation3D",
      "vertices": [
        1,
        7
      ],
      "restriction": [
        0.284131,
        2.59971,
        -0.069789
      ],
      "informationMatrix": [
        4095.18,
        95.1606,
        956.489,
        95.1606,
        3957.88,
        61.6914,
        956.489,
        61.6914,
        4216.71
      ]
    },
    {
      "type": "Observation3D",
      "vertices": [
        1,
        8
      ],
      "restriction": [
        0.381814,
        2.34619,
        -0.170979
      ],
      "informationMatrix": [
        4445.78,
        102.031,
        1540.78,
        102.031,
        3886.91,
        64.5763,
        1540.78,
        64.5763,
        4514.44
      ]
    },
    {
      "type": "Observation3D",
      "vertices": [
        1,
        9
      ],
      "restriction": [
        0.217387,
        2.42673,
        -0.0999375
      ],
      "informationMatrix": [
        3975.0,
        -2.35829,
        -48.1981,
        -2.35829,
        3999.78,
        -1.0137,
        -48.1981,
        -1.0137,
        3995.45
      ]
    },
    {
      "type": "Observation3D",
      "vertices": [
        1,
        10
      ],
      "restriction": [
        0.236729,
        2.5202,
        0.0829723
      ],
      "informationMatrix": [
        3997.77,
        -47.3805,
        645.131,
        -47.3805,
        3974.1,
        4.03949,
        645.131,
        4.03949,
        4078.77
      ]
    },
    {
      "type": "Observation3D",
      "vertices": [
        1,
        11
      ],
      "restriction": [
        -0.0512516,
        2.58576,
        -0.0726493
      ],
      "informationMatrix": [
        4199.06,
        -104.185,
        -1166.22,
        -104.185,
        3933.99,
        61.5178,
        -1166.22,
        61.5178,
        4311.06
      ]
    },
    {
      "type": "Observation3D",
      "vertices": [
        1,
        12
      ],
      "restriction": [
        0.100961,
        2.83888,
        0.058294
      ],
      "informationMatrix": [
        4261.92,
        -48.1376,
        1114.33,
        -48.1376,
        3933.15,
        -27.4811,
        1114.33,
        -27.4811,
        4288.6
      ]
    },
    {
      "type": "Observation3D",
      "vertices": [
        1,
        13
      ],
      "restriction": [
        -0.0544223,
        2.38861,
        0.129309
      ],
      "informationMatrix": [
        3591.27,
        -37.7061,
        38.5097,
        -37.7061,
        3999.7,
        -19.8768,
        38.5097,
        -19.8768,
        3842.12
      ]
    },
    {
      "type": "Observation3D",
      "vertices": [
        1,
        14
      ],
      "restriction": [
        0.0951564,
        2.91598,
        0.334549
      ],
      "informationMatrix": [
        4009.59,
        5.4492,
        271.668,
        5.4492,
        3995.22,
        -4.91018,
        271.668,
        -4.91018,
        4010.75
      ]
    },
    {
      "type": "Observation3D",
      "vertices": [
        1,
        15
      ],
      "restriction": [
        -0.471701,
        2.45736,
        -0.495194
      ],
      "informationMatrix": [
        4008.65,
        14.6559,
        -383.294,
        14.6559,
        3990.63,
        3.87282,
        -383.294,
        3.87282,
        4029.68
      ]
    },
    {
      "type": "Observation3D",
      "vertices": [
        1,
        16
      ],
      "restriction": [
        -0.374254,
        2.51657,
        0.0109317
      ],
      "informationMatrix": [
        3946.87,
        1.84732,
        17.3427,
        1.84732,
        3999.94,
        -0.503501,
        17.3427,
        -0.503501,
        3996.05
      ]
    },
    {
      "type": "Observation3D",
      "vertices": [
        1,
        17
      ],
      "restriction": [
        -0.00510188,
        2.6334,
        0.349385
      ],
      "informationMatrix": [
        4045.75,
        0.316493,
        488.891,
        0.316493,
        3985.05,
        47.1799,
        488.891,
        47.1799,
        3911.83
      ]
    },
    {
      "type": "Observation3D",
      "vertices": [
        1,
        18
      ],
      "restriction": [
        0.387595,
        3.02983,
        0.066416
      ],
      "informationMatrix": [
        4021.55,
        40.3412,
        -587.708,
        40.3412,
        3981.76,
        -21.5572,
        -587.708,
        -21.5572,
        4083.47
      ]
    },
    {
      "type": "Observation3D",
      "vertices": [
        1,
        19
      ],
      "restriction": [
        0.252916,
        2.56527,
        -0.304143
      ],
      "informationMatrix": [
        4180.06,
        -9.24205,
        -872.247,
        -9.24205,
        3956.44,
        28.8862,
        -872.247,
        28.8862,
        4161.55
      ]
    },
    {
      "type": "Observation3D",
      "vertices": [
        1,
        20
      ],
      "restriction": [
        0.0259897,
        3.12414,
        0.00960713
      ],
      "informationMatrix": [
        3974.65,
        -51.4782,
        -645.434,
        -51.4782,
        3972.09,
        -17.2271,
        -645.434,
        -17.2271,
        4052.08
      ]
    },
    {
      "type": "Observation3D",
      "vertices": [
        1,
        21
      ],
      "restriction": [
        0.0361642,
        3.05298,
        -0.0994
      ],
      "informationMatrix": [
        4008.29,
        -4.29442,
        224.085,
        -4.29442,
        3997.05,
        -4.64231,
        224.085,
        -4.64231,
        4007.23
      ]
    },
    {
      "type": "Observation3D",
      "vertices": [
        1,
        22
      ],
      "restriction": [
        0.112505,
        2.95107,
        0.154583
      ],
      "informationMatrix": [
        4037.37,
        -13.6786,
        468.207,
        -13.6786,
        3986.5,
        1.37388,
        468.207,
        1.37388,
        4051.19
      ]
    },
    {
      "type": "Observation3D",
      "vertices": [
        1,
        23
      ],
      "restriction": [
        -0.00874804,
        2.85614,
        -0.134111
      ],
      "informationMatrix": [
        4030.03,
        -8.60845,
        397.195,
        -8.60845,
        3990.23,
        1.24541,
        397.195,
        1.24541,
        4037.53
      ]
    },
    {
      "type": "Observation3D",
      "vertices": [
        1,
        24
      ],
      "restriction": [
        0.516916,
        2.81965,
        -0.0189855
      ],
      "informationMatrix": [
        3942.02,
        -45.8402,
        -512.632,
        -45.8402,
        3986.28,
        15.337,
        -512.632,
        15.337,
        4064.37
      ]
    },
    {
      "type": "Observation3D",
      "vertices": [
        1,
        25
      ],
      "restriction": [
        -0.0649857,
        2.80244,
        0.2754
      ],
      "informationMatrix": [
        5040.99,
        194.518,
        -2326.8,
        194.518,
        3798.35,
        -189.672,
        -2326.8,
        -189.672,
        5066.38
      ]
    },
    {
      "type": "Observation3D",
      "vertices": [
        1,
        26
      ],
      "restriction": [
        -0.0771604,
        2.74112,
        -0.0312855
      ],
      "informationMatrix": [
        4062.22,
        -13.2762,
        582.492,
        -13.2762,
        3978.74,
        16.1737,
        582.492,
        16.1737,
        4058.21
      ]
    },
    {
      "type": "Observation3D",
      "vertices": [
        1,
        27
      ],
      "restriction": [
        -0.048794,
        2.73317,
        -0.0392042
      ],
      "informationMatrix": [
        4281.54,
        11.125,
        -1215.32,
        11.125,
        3920.2,
        -98.5595,
        -1215.32,
        -98.5595,
        4166.81
      ]
    },
    {
      "type": "Observation3D",
      "vertices": [
        1,
        28
      ],
      "restriction": [
        0.0119386,
        2.90225,
        -0.240756
      ],
      "informationMatrix": [
        4081.06,
        2.56652,
        587.207,
        2.56652,
        3979.3,
        25.309,
        587.207,
        25.309,
        4050.26
      ]
    },
    {
      "type": "Observation3D",
      "vertices": [
        1,
        29
      ],
      "restriction": [
        -0.141502,
        2.99391,
        0.00925092
      ],
      "informationMatrix": [
        4254.2,
        -58.5715,
        -1112.92,
        -58.5715,
        3934.59,
        38.0315,
        -1112.92,
        38.0315,
        4288.64
      ]
    },
    {
      "type": "Observation3D",
      "vertices": [
        1,
        30
      ],
      "restriction": [
        0.197594,
        2.61945,
        -0.0962157
      ],
      "informationMatrix": [
        4222.13,
        -26.3889,
        971.104,
        -26.3889,
        3948.58,
        -52.0832,
        971.104,
        -52.0832,
        4179.87
      ]
    },
    {
      "type": "Observation3D",
      "vertices": [
        1,
        31
      ],
      "restriction": [
        0.230428,
        3.27097,
        0.0514496
      ],
      "informationMatrix": [
        3960.52,
        28.375,
        -390.884,
        28.375,
        3992.69,
        -14.8773,
        -390.884,
        -14.8773,
        4033.33
      ]
    },
    {
      "type": "Observation3D",
      "vertices": [
        1,
        32
      ],
      "restriction": [
        -0.224712,
        2.82546,
        -0.185205
      ],
      "informationMatrix": [
        3995.2,
        3.76248,
        -129.071,
        3.76248,
        3999.76,
        -8.83083,
        -129.071,
        -8.83083,
        3866.84
      ]
    },
    {
      "type": "Observation3D",
      "vertices": [
        1,
        33
      ],
      "restriction": [
        0.353059,
        2.96096,
        -0.183962
      ],
      "informationMatrix": [
        4012.71,
        -1.76914,
        -273.111,
        -1.76914,
        3995.03,
        -21.443,
        -273.111,
        -21.443,
        3926.96
      ]
    },
    {
      "type": "Observation3D",
      "vertices": [
        1,
        34
      ],
      "restriction": [
        -0.0451522,
        2.79876,
        -0.0662132
      ],
      "informationMatrix": [
        4000.25,
        -0.358271,
        66.384,
        -0.358271,
        3999.68,
        4.25163,
        66.384,
        4.25163,
        3946.12
      ]
    },
    {
      "type": "Observation3D",
      "vertices": [
        1,
        35
      ],
      "restriction": [
        0.0712974,
        2.59336,
        -0.119227
      ],
      "informationMatrix": [
        4449.72,
        132.408,
        -1430.62,
        132.408,
        3914.56,
        -143.642,
        -1430.62,
        -143.642,
        4403.55
      ]
    },
    {
      "type": "Observation3D",
      "vertices": [
        1,
        36
      ],
      "restriction": [
        0.199713,
        3.05338,
        -0.176071
      ],
      "informationMatrix": [
        4162.58,
        -0.779728,
        887.563,
        -0.779728,
        3953.98,
        52.3643,
        887.563,
        52.3643,
        4103.58
      ]
    },
    {
      "type": "Observation3D",
      "vertices": [
        1,
        37
      ],
      "restriction": [
        0.0935414,
        3.08577,
        0.0999248
      ],
      "informationMatrix": [
        3974.09,
        11.0793,
        224.55,
        11.0793,
        3997.39,
        5.27005,
        224.55,
        5.27005,
        4008.77
      ]
    },
    {
      "type": "Observation3D",
      "vertices": [
        1,
        38
      ],
      "restriction": [
        -0.35453,
        3.26772,
        -0.327349
      ],
      "informationMatrix": [
        3865.58,
        24.6619,
        -217.661,
        24.6619,
        3995.87,
        6.3311,
        -217.661,
        6.3311,
        3993.83
      ]
    },
    {
      "type": "Observation3D",
      "vertices": [
        1,
        39
      ],
      "restriction": [
        0.00249936,
        2.44752,
        -0.0540098
      ],
      "informationMatrix": [
        4016.53,
        -0.587533,
        262.184,
        -0.587533,
        3995.71,
        5.00869,
        262.184,
        5.00869,
        4010.76
      ]
    },
    {
      "type": "Observation3D",
      "vertices": [
        1,
        40
      ],
      "restriction": [
        -0.0904856,
        2.83461,
        0.000222251
      ],
      "informationMatrix": [
        3994.27,
        1.97637,
        89.9248,
        1.97637,
        3999.77,
        4.30362,
        89.9248,
        4.30362,
        3942.05
      ]
    },
    {
      "type": "Observation3D",
      "vertices": [
        1,
        41
      ],
      "restriction": [
        0.178274,
        2.9757,
        -0.162468
      ],
      "informationMatrix": [
        4171.16,
        41.738,
        -1149.13,
        41.738,
        3920.37,
        84.1438,
        -1149.13,
        84.1438,
        4111.54
      ]
    },
    {
      "type": "Observation3D",
      "vertices": [
        1,
        42
      ],
      "restriction": [
        -0.137809,
        2.87031,
        0.183792
      ],
      "informationMatrix": [
        5217.46,
        -332.29,
        2691.61,
        -332.29,
        3784.34,
        -323.281,
        2691.61,
        -323.281,
        5344.02
      ]
    },
    {
      "type": "Observation3D",
      "vertices": [
        1,
        43
      ],
      "restriction": [
        0.126584,
        2.92759,
        0.0474793
      ],
      "informationMatrix": [
        4188.12,
        105.528,
        -922.523,
        105.528,
        3977.59,
        -128.485,
        -922.523,
        -128.485,
        4010.78
      ]
    },
    {
      "type": "Observation3D",
      "vertices": [
        1,
        44
      ],
      "restriction": [
        -0.308986,
        2.99939,
        0.20294
      ],
      "informationMatrix": [
        4015.55,
        9.6038,
        -279.566,
        9.6038,
        3996.8,
        -23.0181,
        -279.566,
        -23.0181,
        3902.75
      ]
    },
    {
      "type": "Observation3D",
      "vertices": [
        1,
        45
      ],
      "restriction": [
        -0.00481081,
        2.9988,
        -0.0936046
      ],
      "informationMatrix": [
        4033.41,
        16.0651,
        -421.523,
        16.0651,
        3990.53,
        -19.6264,
        -421.523,
        -19.6264,
        4020.22
      ]
    },
    {
      "type": "Observation3D",
      "vertices": [
        1,
        46
      ],
      "restriction": [
        0.00978783,
        2.82854,
        0.245613
      ],
      "informationMatrix": [
        4242.82,
        4.25653,
        1024.66,
        4.25653,
        3941.03,
        25.1083,
        1024.66,
        25.1083,
        4231.19
      ]
    },
    {
      "type": "Observation3D",
      "vertices": [
        1,
        47
      ],
      "restriction": [
        0.0419054,
        2.90798,
        -0.0544217
      ],
      "informationMatrix": [
        4034.61,
        11.9064,
        434.975,
        11.9064,
        3988.51,
        2.40203,
        434.975,
        2.40203,
        4046.58
      ]
    },
    {
      "type": "Observation3D",
      "vertices": [
        1,
        48
      ],
      "restriction": [
        -0.00661405,
        3.4765,
        -0.215438
      ],
      "informationMatrix": [
        4047.23,
        11.7627,
        437.405,
        11.7627,
        3989.96,
        37.019,
        437.405,
        37.019,
        3936.5
      ]
    },
    {
      "type": "Observation3D",
      "vertices": [
        1,
        49
      ],
      "restriction": [
        0.00231518,
        3.43102,
        0.202065
      ],
      "informationMatrix": [
        3987.32,
        -3.0014,
        91.0042,
        -3.0014,
        3999.34,
        2.48166,
        91.0042,
        2.48166,
        3991.6
      ]
    },
    {
      "type": "Observation3D",
      "vertices": [
        1,
        50
      ],
      "restriction": [
        0.096195,
        3.02416,
        0.132259
      ],
      "informationMatrix": [
        4135.92,
        41.1447,
        -843.992,
        41.1447,
        3960.13,
        -19.7978,
        -843.992,
        -19.7978,
        4170.39
      ]
    },
    {
      "type": "Observation3D",
      "vertices": [
        1,
        51
      ],
      "restriction": [
        -0.101877,
        3.29919,
        -0.0215778
      ],
      "informationMatrix": [
        4073.22,
        -8.31168,
        546.525,
        -8.31168,
        3982.51,
        -24.5252,
        546.525,
        -24.5252,
        4042.6
      ]
    },
    {
      "type": "Observation3D",
      "vertices": [
        1,
        52
      ],
      "restriction": [
        0.202366,
        3.37611,
        0.0177919
      ],
      "informationMatrix": [
        4325.51,
        41.3571,
        -1211.69,
        41.3571,
        3921.96,
        -29.5092,
        -1211.69,
        -29.5092,
        4338.41
      ]
    },
    {
      "type": "Observation3D",
      "vertices": [
        1,
        53
      ],
      "restriction": [
        -0.0341671,
        3.18552,
        0.178588
      ],
      "informationMatrix": [
        3900.16,
        138.151,
        950.491,
        138.151,
        3962.96,
        65.0085,
        950.491,
        65.0085,
        4203.94
      ]
    },
    {
      "type": "Observation3D",
      "vertices": [
        1,
        54
      ],
      "restriction": [
        -0.139096,
        3.31629,
        0.00421493
      ],
      "informationMatrix": [
        4110.08,
        -69.47,
        734.273,
        -69.47,
        3983.66,
        -86.5884,
        734.273,
        -86.5884,
        3983.82
      ]
    },
    {
      "type": "Observation3D",
      "vertices": [
        1,
        55
      ],
      "restriction": [
        0.0294886,
        2.93009,
        -0.23316
      ],
      "informationMatrix": [
        4050.78,
        -1.0575,
        454.131,
        -1.0575,
        3987.41,
        -6.92871,
        454.131,
        -6.92871,
        4046.97
      ]
    },
    {
      "type": "Observation3D",
      "vertices": [
        1,
        56
      ],
      "restriction": [
        -0.131081,
        3.08406,
        -0.322746
      ],
      "informationMatrix": [
        3998.14,
        -12.7895,
        342.262,
        -12.7895,
        3991.65,
        15.735,
        342.262,
        15.735,
        3988.46
      ]
    },
    {
      "type": "Observation3D",
      "vertices": [
        1,
        57
      ],
      "restriction": [
        -0.0596602,
        3.19991,
        0.0581845
      ],
      "informationMatrix": [
        4277.1,
        -77.9761,
        1297.62,
        -77.9761,
        3911.41,
        -15.8293,
        1297.62,
        -15.8293,
        4346.88
      ]
    },
    {
      "type": "Observation3D",
      "vertices": [
        1,
        58
      ],
      "restriction": [
        -0.53461,
        3.22758,
        -0.0258737
      ],
      "informationMatrix": [
        3960.52,
        -7.58323,
        151.699,
        -7.58323,
        3998.95,
        -3.46413,
        151.699,
        -3.46413,
        4000.66
      ]
    },
    {
      "type": "Observation3D",
      "vertices": [
        1,
        59
      ],
      "restriction": [
        -0.199454,
        3.29214,
        -0.0178188
      ],
      "informationMatrix": [
        4054.38,
        -1.33448,
        619.712,
        -1.33448,
        3974.97,
        96.6405,
        619.712,
        96.6405,
        3753.76
      ]
    },
    {
      "type": "Observation3D",
      "vertices": [
        1,
        60
      ],
      "restriction": [
        0.127137,
        3.01706,
        -0.25908
      ],
      "informationMatrix": [
        3961.97,
        -16.6308,
        -215.982,
        -16.6308,
        3992.81,
        -48.1432,
        -215.982,
        -48.1432,
        3687.34
      ]
    },
    {
      "type": "Observation3D",
      "vertices": [
        1,
        61
      ],
      "restriction": [
        0.196029,
        3.55941,
        0.07817
      ],
      "informationMatrix": [
        4075.31,
        4.27989,
        554.01,
        4.27989,
        3981.58,
        11.3763,
        554.01,
        11.3763,
        4069.08
      ]
    },
    {
      "type": "Observation3D",
      "vertices": [
        1,
        62
      ],
      "restriction": [
        -0.0888788,
        3.56689,
        -0.0877961
      ],
      "informationMatrix": [
        3994.81,
        -28.6923,
        -506.307,
        -28.6923,
        3982.44,
        -17.3247,
        -506.307,
        -17.3247,
        4023.06
      ]
    },
    {
      "type": "Observation3D",
      "vertices": [
        1,
        63
      ],
      "restriction": [
        0.0411224,
        3.36322,
        -0.0633307
      ],
      "informationMatrix": [
        4160.32,
        -52.867,
        863.781,
        -52.867,
        3962.4,
        -54.0704,
        863.781,
        -54.0704,
        4156.7
      ]
    }
  ],
  "fixedVertices": [
    0
  ]
}